PixelPerMeter 50.000000
Gravity 9.800000
Ball 12.810000 2.930000 0.551543
Rect 1.600000 2.240000 14.340000 12.500000
Line 16
13.620000 3.620000 4.640000 4.420000
1.720000 4.160000 2.220000 5.700000
2.220000 5.700000 12.040000 6.320000
14.020000 5.020000 13.280000 7.940000
13.280000 7.940000 10.700000 7.580000
10.700000 7.580000 8.240000 7.980000
8.240000 7.980000 6.440000 7.420000
6.440000 7.420000 4.040000 7.940000
1.840000 7.540000 2.640000 9.560000
2.640000 9.560000 4.940000 10.160000
4.940000 10.160000 8.720000 10.240000
8.720000 10.240000 11.320000 9.500000
11.320000 9.500000 12.300000 9.860000
14.160000 8.660000 13.300000 11.700000
13.300000 11.700000 4.520000 12.080000
1.680000 14.540000 1.680000 14.540000
Goal 14.220000
GoalItem 4 2.000000
1.600000 13.540000 0.628013
6.200000 13.520000 0.672012
10.240000 13.500000 0.676757
14.140000 13.540000 0.694262
